80
80
78
82
85
89
92
93
95
98
100
99
96
94
94
96
98
99
99
100
101
101
101
101
99
98
97
96
96
96
100
102
104
102
98
95
96
99
101
103
104
104
100
97
97
99
102
102
104
103
99
96
95
97
99
97
101
100
96
94
96
96
99
102
103
102
98
96
95
96
97
100
101
101
98
96
94
96
97
99
102
101
100
97
96
96
98
100
101
102
102
98
96
95
97
98
100
102
101
101
96
97
96
421
578
633
637
609
576
569
584
610
633
645
642
613
578
571
585
607
620
631
639
645
646
643
634
619
597
581
572
569
572
580
589
603
615
627
636
643
646
645
635
617
591
577
570
570
578
588
602
616
629
639
645
644
639
624
599
581
571
569
574
584
600
614
627
637
643
645
641
629
608
586
574
571
573
582
594
608
622
635
643
648
647
640
626
602
588
578
573
579
589
599
610
621
630
638
644
647
648
643
633
613
591
573
579
600
624
643
649
638
602
576
574
592
616
637
648
601
561
514
503
536
579
601
619
622
606
569
551
554
573
595
615
623
613
603
579
557
546
538
539
545
541
512
516
527
536
543
545
543
535
521
504
491
483
484
487
501
519
546
556
568
575
579
577
570
554
533
515
503
494
489
487
495
502
507
511
520
549
555
547
538
528
512
498
490
488
491
499
508
518
529
542
554
561
562
558
551
537
518
503
493
475
470
477
484
489
498
508
514
517
517
513
510
493
477
466
461
461
463
468
476
485
496
498
501
508
506
515
515
517
511
508
503
506
511
514
516
524
534
543
549
553
553
552
546
533
516
505
497
495
497
500
506
524
545
603
577
532
543
642
789
790
829
859
962
1277
1580
1580
1701
1719
1749
1746
1792
1803
1804
1794
1801
1812
1813
1808
1869
1903
1910
1909
1907
1931
1940
1944
1962
1835
2040
1986
2001
2011
1996
1995
1984
1972
1962
1982
2046
1990
1946
1900
1859
1797
1800
1866
1787
1908
1821
1894
1909
1975
1991
2045
2159
2132
2153
2073
2032
2141
2228
2249
2249
2301
2272
2278
2284
2263
2252
2249
2251
2267
2275
2297
2296
2305
2301
2308
2306
2310
2301
2305
2307
2309
2306
2297
2294
2289
2286
2283
2283
2281
2280
2283
2275
2278
2279
2278
2279
2277
2275
2275
2272
2273
2275
2272
2274
2274
2273
2273
2274
2272
2272
2276
2272
2274
2272
2272
2270
2266
2268
2267
2268
2266
2266
2267
2265
2266
2265
2268
2270
2269
2271
2271
2261
1608
1042
695
588
560
552
556
575
587
606
